基准价 10000
SKU
    1                               1   整机
    2   40    3     80

    4                               1
    5   60    6     90

单选项
    7                               1
    8   89    9     91

    10                              2   屏幕
    11  90    12    45

    13                              2
    14  80    15    90

    16                              3   其它
    17  80    18    10

    19                              3
    20  40    21    30    22    31


选项特殊关系
    9   ->    12
系数特殊规则
    20
    

选项分组
    等级    下限    上限
    10      30      40          8,11,14     9,17,20     
    20      50      60          14,17       18,21
    30      70      80          9           12          15
    40      75      85          14          17          20
    50      90      100         15          18          21
